image_width: 1280
image_height: 720
camera_name: dope_webcam_0
camera_matrix:
  rows: 3
  cols: 3
  data: [614.1517333984375, 0.0, 637.6517944335938, 0.0, 614.3953247070312, 366.3220520019531, 0.0, 0.0, 1.0]
distortion_model: plumb_bob
#distortion_model: "rational_polynomial"
distortion_coefficients:
  rows: 1
  cols: 5
  data: [0, 0, 0, 0, 0]
rectification_matrix:
  rows: 3
  cols: 3
  data: [1, 0, 0, 0, 1, 0, 0, 0, 1]
projection_matrix:
  rows: 3
  cols: 4
  data: [614.1517333984375, 0.0, 637.6517944335938, 0.0, 0.0, 614.3953247070312, 366.3220520019531, 0.0, 0.0, 0.0, 1.0, 0.0]
